{
 "cells": [
  {
   "cell_type": "code",
   "execution_count": 11,
   "id": "1dad889d",
   "metadata": {},
   "outputs": [
    {
     "name": "stdout",
     "output_type": "stream",
     "text": [
      "Imported final_trkData from data/final_trkData.csv\n",
      "Imported tcqData from data/tcqData.csv\n",
      "Imported notifCount from data/notifCount.csv\n",
      "Imported MWctr from data/MWctr.csv\n",
      "Imported preQDat from data/preQDat.csv\n",
      "Imported postQDat from data/postQDat.csv\n"
     ]
    }
   ],
   "source": [
    "# Import main DataFrames from the data folder\n",
    "import matplotlib.pyplot as plt\n",
    "import pandas as pd\n",
    "\n",
    "imported_dfs = {}\n",
    "for name in [\"final_trkData\", \"tcqData\", \"notifCount\", \"MWctr\", \"preQDat\", \"postQDat\"]:\n",
    "    imported_dfs[name] = pd.read_csv(f\"data/{name}.csv\", index_col=0)\n",
    "    print(f\"Imported {name} from data/{name}.csv\")\n",
    "\n",
    "# Optionally, unpack to variables:\n",
    "final_trkData = imported_dfs[\"final_trkData\"]\n",
    "tcqData = imported_dfs[\"tcqData\"]\n",
    "notifCount = imported_dfs[\"notifCount\"]\n",
    "MWctr = imported_dfs[\"MWctr\"]\n",
    "preQDat = imported_dfs[\"preQDat\"]\n",
    "postQDat = imported_dfs[\"postQDat\"]"
   ]
  },
  {
   "cell_type": "code",
   "execution_count": 12,
   "id": "f1c93d7b",
   "metadata": {},
   "outputs": [
    {
     "data": {
      "text/plain": [
       "141"
      ]
     },
     "execution_count": 12,
     "metadata": {},
     "output_type": "execute_result"
    }
   ],
   "source": [
    "len(tcqData['expiwellID'].unique())"
   ]
  },
  {
   "cell_type": "code",
   "execution_count": 13,
   "id": "51832b97",
   "metadata": {},
   "outputs": [
    {
     "name": "stdout",
     "output_type": "stream",
     "text": [
      "Shape: (4773, 21)\n",
      "Columns: ['Start Date', 'End Date', 'Time Scheduled', 'Duration (in seconds)', 'expiwellID', 'Participant ID', 'onTask', 'visImag', 'inSpeech', 'intent', 'struct', 'real', 'concAbs', 'import', 'relGoal', 'fullDev', 'oftMind', 'emotVal', 'tempOr', 'funct', 'functOth']\n"
     ]
    }
   ],
   "source": [
    "\n",
    "#get the length and colnames\n",
    "#get the length and colnames\n",
    "print(f\"Shape: {tcqData.shape}\")\n",
    "print(f\"Columns: {tcqData.columns.tolist()}\")\n",
    "tcqDataMaster=tcqData.copy()\n",
    "#ok so its already cleaned\n",
    "#but we shoudl subset for the participatns whose mind was actually wandering, so ontask >1\n",
    "tcqData=tcqData[tcqData['onTask']>1]\n",
    "#specficiically for the CFA, lets not include factors not present in the original\n",
    "tcq_cols = ['visImag', 'inSpeech', 'intent', 'struct', 'real', 'concAbs', 'import', 'relGoal','oftMind', 'emotVal',]\n",
    "#drop rows with NaN in any of the tcq_cols\n",
    "tcqData = tcqData.dropna(subset=tcq_cols)\n",
    "#lost like 10 rows\n",
    "within = tcqData.copy()\n",
    "between = tcqData.copy()\n",
    "#mean center within participants\n",
    "within[tcq_cols] = within.groupby(\"Participant ID\")[tcq_cols].transform(lambda x: x - x.mean())\n",
    "#mean center between participants\n",
    "#between[tcq_cols] = between.groupby(\"Participant ID\")[tcq_cols].mean()\n",
    "\n",
    "between = between.groupby(\"Participant ID\")[tcq_cols].mean() - between[tcq_cols].mean()\n"
   ]
  },
  {
   "cell_type": "code",
   "execution_count": 14,
   "id": "561e48c1",
   "metadata": {},
   "outputs": [
    {
     "data": {
      "text/plain": [
       "138"
      ]
     },
     "execution_count": 14,
     "metadata": {},
     "output_type": "execute_result"
    }
   ],
   "source": [
    "len(tcqData['expiwellID'].unique())"
   ]
  },
  {
   "cell_type": "code",
   "execution_count": 15,
   "id": "cef3702c",
   "metadata": {},
   "outputs": [
    {
     "name": "stdout",
     "output_type": "stream",
     "text": [
      "    item      ICC  Var_between  Var_within  n_obs  n_participants\n",
      " visImag 0.394163     1.391887    2.139358   2250             138\n",
      "inSpeech 0.323456     1.059262    2.215565   2250             138\n",
      " oftMind 0.316858     0.895448    1.930573   2250             138\n",
      "  intent 0.304032     0.982153    2.248273   2250             138\n",
      "  struct 0.291522     0.835202    2.029768   2250             138\n",
      "    real 0.287290     0.792455    1.965922   2250             138\n",
      " concAbs 0.280046     0.828559    2.130095   2250             138\n",
      " relGoal 0.271129     0.997444    2.681407   2250             138\n",
      "  import 0.228576     0.667857    2.253961   2250             138\n",
      " emotVal 0.158683     0.308471    1.635473   2250             138\n"
     ]
    }
   ],
   "source": [
    "\n",
    "#between[tcq_cols] = between[tcq_cols] - between[tcq_cols].mean()\n",
    "\n",
    "\n",
    "import pandas as pd\n",
    "import numpy as np\n",
    "import statsmodels.api as sm\n",
    "\n",
    "def icc_random_intercept(df, pid_col, item_col):\n",
    "    \"\"\"\n",
    "    ICC for a single item with episodes nested within participant:\n",
    "      y_ij = mu + u_j + e_ij\n",
    "      ICC = Var(u) / (Var(u) + Var(e))\n",
    "\n",
    "    Returns: icc, var_between, var_within, n_obs, n_groups\n",
    "    \"\"\"\n",
    "    dat = df[[pid_col, item_col]].dropna().copy()\n",
    "    dat[item_col] = pd.to_numeric(dat[item_col], errors=\"coerce\")\n",
    "    dat = dat.dropna()\n",
    "\n",
    "    n_obs = dat.shape[0]\n",
    "    n_groups = dat[pid_col].nunique()\n",
    "\n",
    "    # Need at least 2 groups and >1 observation per some groups to estimate variance components\n",
    "    if n_groups < 2 or n_obs < 3:\n",
    "        return np.nan, np.nan, np.nan, n_obs, n_groups\n",
    "\n",
    "    # Random intercept model: y ~ 1 + (1|pid)\n",
    "        # MixedLM in statsmodels uses \"groups\" for random intercept by default.\n",
    "    model = sm.MixedLM(endog=dat[item_col], exog=np.ones((n_obs, 1)), groups=dat[pid_col])\n",
    "    try:\n",
    "        fit = model.fit(reml=True, method=\"cg\", disp=False)\n",
    "        if not fit.converged:\n",
    "             print(f\"Warning: Model for '{item_col}' did not converge.\")\n",
    "    except Exception as e:\n",
    "        print(f\"Error fitting model for '{item_col}': {e}\")\n",
    "        return np.nan, np.nan, np.nan, n_obs, n_groups\n",
    "\n",
    "    # Extract variance components\n",
    "    var_between = float(fit.cov_re.iloc[0, 0])      # Var(u)\n",
    "    var_within = float(fit.scale)                  # Var(e)\n",
    "\n",
    "    icc = var_between / (var_between + var_within) if (var_between + var_within) > 0 else np.nan\n",
    "    return icc, var_between, var_within, n_obs, n_groups\n",
    "\n",
    "\n",
    "def icc_table(df, pid_col=\"pid\", tcq_cols=[]):\n",
    "\n",
    "    rows = []\n",
    "    for col in tcq_cols:\n",
    "        icc, vb, vw, n_obs, n_groups = icc_random_intercept(df, pid_col, col)\n",
    "        rows.append({\n",
    "            \"item\": col,\n",
    "            \"ICC\": icc,\n",
    "            \"Var_between\": vb,\n",
    "            \"Var_within\": vw,\n",
    "            \"n_obs\": n_obs,\n",
    "            \"n_participants\": n_groups\n",
    "        })\n",
    "\n",
    "    out = pd.DataFrame(rows).sort_values(\"ICC\", ascending=False)\n",
    "    return out\n",
    "\n",
    "\n",
    "\n",
    "iccs = icc_table(tcqData, pid_col=\"Participant ID\", tcq_cols=tcq_cols)\n",
    "print(iccs.to_string(index=False))\n",
    "\n"
   ]
  },
  {
   "cell_type": "code",
   "execution_count": 16,
   "id": "80b3d723",
   "metadata": {},
   "outputs": [
    {
     "name": "stdout",
     "output_type": "stream",
     "text": [
      "Recoded 'tempOr' column. Displaying a sample:\n"
     ]
    },
    {
     "data": {
      "application/vnd.microsoft.datawrangler.viewer.v0+json": {
       "columns": [
        {
         "name": "index",
         "rawType": "float64",
         "type": "float"
        },
        {
         "name": "tempOr",
         "rawType": "float64",
         "type": "float"
        }
       ],
       "ref": "b5dce69b-aaba-406b-b0c9-7c0a83a3987f",
       "rows": [
        [
         "-1.0",
         "7.022222222222223"
        ],
        [
         "0.0",
         "54.57777777777778"
        ],
        [
         "1.0",
         "38.4"
        ]
       ],
       "shape": {
        "columns": 1,
        "rows": 3
       }
      },
      "text/plain": [
       "-1.0     7.022222\n",
       " 0.0    54.577778\n",
       " 1.0    38.400000\n",
       "Name: tempOr, dtype: float64"
      ]
     },
     "metadata": {},
     "output_type": "display_data"
    },
    {
     "name": "stdout",
     "output_type": "stream",
     "text": [
      "Between-Participant Correlation Matrix:\n"
     ]
    },
    {
     "data": {
      "application/vnd.microsoft.datawrangler.viewer.v0+json": {
       "columns": [
        {
         "name": "index",
         "rawType": "object",
         "type": "string"
        },
        {
         "name": "visImag",
         "rawType": "float64",
         "type": "float"
        },
        {
         "name": "inSpeech",
         "rawType": "float64",
         "type": "float"
        },
        {
         "name": "intent",
         "rawType": "float64",
         "type": "float"
        },
        {
         "name": "struct",
         "rawType": "float64",
         "type": "float"
        },
        {
         "name": "real",
         "rawType": "float64",
         "type": "float"
        },
        {
         "name": "concAbs",
         "rawType": "float64",
         "type": "float"
        },
        {
         "name": "import",
         "rawType": "float64",
         "type": "float"
        },
        {
         "name": "relGoal",
         "rawType": "float64",
         "type": "float"
        },
        {
         "name": "fullDev",
         "rawType": "float64",
         "type": "float"
        },
        {
         "name": "oftMind",
         "rawType": "float64",
         "type": "float"
        },
        {
         "name": "emotVal",
         "rawType": "float64",
         "type": "float"
        },
        {
         "name": "tempOr",
         "rawType": "float64",
         "type": "float"
        }
       ],
       "ref": "587ed0e8-711b-453a-a18c-59c3b347b382",
       "rows": [
        [
         "visImag",
         "1.0",
         "0.15512401812879734",
         "0.19024959440161626",
         "0.3927169495895489",
         "0.18235716404628322",
         "0.1722579692898507",
         "0.3426830574750258",
         "0.35188186926035425",
         "0.2628184441625622",
         "0.33483590566533333",
         "0.3440444974272112",
         "-0.046350316152715634"
        ],
        [
         "inSpeech",
         "0.15512401812879734",
         "1.0",
         "0.1622042098330807",
         "0.28817164669290113",
         "0.31374281734072246",
         "0.24189984261914158",
         "0.18679602361248362",
         "0.11092303947398637",
         "0.14735580466018536",
         "0.27993641805342373",
         "0.035128864217333605",
         "0.03751904753309086"
        ],
        [
         "intent",
         "0.19024959440161626",
         "0.1622042098330807",
         "1.0",
         "0.40286470915440786",
         "0.2948874212408453",
         "0.3480102565931753",
         "0.1975425418384959",
         "0.17674529189549276",
         "0.40732512960746303",
         "0.06461494548007059",
         "0.218919310196939",
         "0.2344581680196011"
        ],
        [
         "struct",
         "0.3927169495895489",
         "0.28817164669290113",
         "0.40286470915440786",
         "1.0",
         "0.49806188085802255",
         "0.4615546768986509",
         "0.5510790379915842",
         "0.543600072290652",
         "0.5956114377928903",
         "0.4685920399844548",
         "0.37394538708683844",
         "0.16586429756725532"
        ],
        [
         "real",
         "0.18235716404628322",
         "0.31374281734072246",
         "0.2948874212408453",
         "0.49806188085802255",
         "1.0",
         "0.8138466862552036",
         "0.6394708081631764",
         "0.38146723952086486",
         "0.42602035423611806",
         "0.20210785396258674",
         "0.247378450101103",
         "0.23011837781588823"
        ],
        [
         "concAbs",
         "0.1722579692898507",
         "0.24189984261914158",
         "0.3480102565931753",
         "0.4615546768986509",
         "0.8138466862552036",
         "1.0",
         "0.5250210564127841",
         "0.21648745711689857",
         "0.5224664477620744",
         "0.1374015715804518",
         "0.2520947661651658",
         "0.15674879355889507"
        ],
        [
         "import",
         "0.3426830574750258",
         "0.18679602361248362",
         "0.1975425418384959",
         "0.5510790379915842",
         "0.6394708081631764",
         "0.5250210564127841",
         "1.0",
         "0.647458772105952",
         "0.5358387274252814",
         "0.4720312361153528",
         "0.48888068486996555",
         "0.16253359607216195"
        ],
        [
         "relGoal",
         "0.35188186926035425",
         "0.11092303947398637",
         "0.17674529189549276",
         "0.543600072290652",
         "0.38146723952086486",
         "0.21648745711689857",
         "0.647458772105952",
         "1.0",
         "0.45897965727525336",
         "0.570866329853934",
         "0.37096354428495976",
         "0.19713205797761854"
        ],
        [
         "fullDev",
         "0.2628184441625622",
         "0.14735580466018536",
         "0.40732512960746303",
         "0.5956114377928903",
         "0.42602035423611806",
         "0.5224664477620744",
         "0.5358387274252814",
         "0.45897965727525336",
         "1.0",
         "0.3823723764428074",
         "0.38890524347657973",
         "0.06584217866642307"
        ],
        [
         "oftMind",
         "0.33483590566533333",
         "0.27993641805342373",
         "0.06461494548007059",
         "0.4685920399844548",
         "0.20210785396258674",
         "0.1374015715804518",
         "0.4720312361153528",
         "0.570866329853934",
         "0.3823723764428074",
         "1.0",
         "0.36755504714897025",
         "0.028734330103921686"
        ],
        [
         "emotVal",
         "0.3440444974272112",
         "0.035128864217333605",
         "0.218919310196939",
         "0.37394538708683844",
         "0.247378450101103",
         "0.2520947661651658",
         "0.48888068486996555",
         "0.37096354428495976",
         "0.38890524347657973",
         "0.36755504714897025",
         "1.0",
         "0.10423020636730485"
        ],
        [
         "tempOr",
         "-0.046350316152715634",
         "0.03751904753309086",
         "0.2344581680196011",
         "0.16586429756725532",
         "0.23011837781588823",
         "0.15674879355889507",
         "0.16253359607216195",
         "0.19713205797761854",
         "0.06584217866642307",
         "0.028734330103921686",
         "0.10423020636730485",
         "1.0"
        ]
       ],
       "shape": {
        "columns": 12,
        "rows": 12
       }
      },
      "text/html": [
       "<div>\n",
       "<style scoped>\n",
       "    .dataframe tbody tr th:only-of-type {\n",
       "        vertical-align: middle;\n",
       "    }\n",
       "\n",
       "    .dataframe tbody tr th {\n",
       "        vertical-align: top;\n",
       "    }\n",
       "\n",
       "    .dataframe thead th {\n",
       "        text-align: right;\n",
       "    }\n",
       "</style>\n",
       "<table border=\"1\" class=\"dataframe\">\n",
       "  <thead>\n",
       "    <tr style=\"text-align: right;\">\n",
       "      <th></th>\n",
       "      <th>visImag</th>\n",
       "      <th>inSpeech</th>\n",
       "      <th>intent</th>\n",
       "      <th>struct</th>\n",
       "      <th>real</th>\n",
       "      <th>concAbs</th>\n",
       "      <th>import</th>\n",
       "      <th>relGoal</th>\n",
       "      <th>fullDev</th>\n",
       "      <th>oftMind</th>\n",
       "      <th>emotVal</th>\n",
       "      <th>tempOr</th>\n",
       "    </tr>\n",
       "  </thead>\n",
       "  <tbody>\n",
       "    <tr>\n",
       "      <th>visImag</th>\n",
       "      <td>1.000000</td>\n",
       "      <td>0.155124</td>\n",
       "      <td>0.190250</td>\n",
       "      <td>0.392717</td>\n",
       "      <td>0.182357</td>\n",
       "      <td>0.172258</td>\n",
       "      <td>0.342683</td>\n",
       "      <td>0.351882</td>\n",
       "      <td>0.262818</td>\n",
       "      <td>0.334836</td>\n",
       "      <td>0.344044</td>\n",
       "      <td>-0.046350</td>\n",
       "    </tr>\n",
       "    <tr>\n",
       "      <th>inSpeech</th>\n",
       "      <td>0.155124</td>\n",
       "      <td>1.000000</td>\n",
       "      <td>0.162204</td>\n",
       "      <td>0.288172</td>\n",
       "      <td>0.313743</td>\n",
       "      <td>0.241900</td>\n",
       "      <td>0.186796</td>\n",
       "      <td>0.110923</td>\n",
       "      <td>0.147356</td>\n",
       "      <td>0.279936</td>\n",
       "      <td>0.035129</td>\n",
       "      <td>0.037519</td>\n",
       "    </tr>\n",
       "    <tr>\n",
       "      <th>intent</th>\n",
       "      <td>0.190250</td>\n",
       "      <td>0.162204</td>\n",
       "      <td>1.000000</td>\n",
       "      <td>0.402865</td>\n",
       "      <td>0.294887</td>\n",
       "      <td>0.348010</td>\n",
       "      <td>0.197543</td>\n",
       "      <td>0.176745</td>\n",
       "      <td>0.407325</td>\n",
       "      <td>0.064615</td>\n",
       "      <td>0.218919</td>\n",
       "      <td>0.234458</td>\n",
       "    </tr>\n",
       "    <tr>\n",
       "      <th>struct</th>\n",
       "      <td>0.392717</td>\n",
       "      <td>0.288172</td>\n",
       "      <td>0.402865</td>\n",
       "      <td>1.000000</td>\n",
       "      <td>0.498062</td>\n",
       "      <td>0.461555</td>\n",
       "      <td>0.551079</td>\n",
       "      <td>0.543600</td>\n",
       "      <td>0.595611</td>\n",
       "      <td>0.468592</td>\n",
       "      <td>0.373945</td>\n",
       "      <td>0.165864</td>\n",
       "    </tr>\n",
       "    <tr>\n",
       "      <th>real</th>\n",
       "      <td>0.182357</td>\n",
       "      <td>0.313743</td>\n",
       "      <td>0.294887</td>\n",
       "      <td>0.498062</td>\n",
       "      <td>1.000000</td>\n",
       "      <td>0.813847</td>\n",
       "      <td>0.639471</td>\n",
       "      <td>0.381467</td>\n",
       "      <td>0.426020</td>\n",
       "      <td>0.202108</td>\n",
       "      <td>0.247378</td>\n",
       "      <td>0.230118</td>\n",
       "    </tr>\n",
       "    <tr>\n",
       "      <th>concAbs</th>\n",
       "      <td>0.172258</td>\n",
       "      <td>0.241900</td>\n",
       "      <td>0.348010</td>\n",
       "      <td>0.461555</td>\n",
       "      <td>0.813847</td>\n",
       "      <td>1.000000</td>\n",
       "      <td>0.525021</td>\n",
       "      <td>0.216487</td>\n",
       "      <td>0.522466</td>\n",
       "      <td>0.137402</td>\n",
       "      <td>0.252095</td>\n",
       "      <td>0.156749</td>\n",
       "    </tr>\n",
       "    <tr>\n",
       "      <th>import</th>\n",
       "      <td>0.342683</td>\n",
       "      <td>0.186796</td>\n",
       "      <td>0.197543</td>\n",
       "      <td>0.551079</td>\n",
       "      <td>0.639471</td>\n",
       "      <td>0.525021</td>\n",
       "      <td>1.000000</td>\n",
       "      <td>0.647459</td>\n",
       "      <td>0.535839</td>\n",
       "      <td>0.472031</td>\n",
       "      <td>0.488881</td>\n",
       "      <td>0.162534</td>\n",
       "    </tr>\n",
       "    <tr>\n",
       "      <th>relGoal</th>\n",
       "      <td>0.351882</td>\n",
       "      <td>0.110923</td>\n",
       "      <td>0.176745</td>\n",
       "      <td>0.543600</td>\n",
       "      <td>0.381467</td>\n",
       "      <td>0.216487</td>\n",
       "      <td>0.647459</td>\n",
       "      <td>1.000000</td>\n",
       "      <td>0.458980</td>\n",
       "      <td>0.570866</td>\n",
       "      <td>0.370964</td>\n",
       "      <td>0.197132</td>\n",
       "    </tr>\n",
       "    <tr>\n",
       "      <th>fullDev</th>\n",
       "      <td>0.262818</td>\n",
       "      <td>0.147356</td>\n",
       "      <td>0.407325</td>\n",
       "      <td>0.595611</td>\n",
       "      <td>0.426020</td>\n",
       "      <td>0.522466</td>\n",
       "      <td>0.535839</td>\n",
       "      <td>0.458980</td>\n",
       "      <td>1.000000</td>\n",
       "      <td>0.382372</td>\n",
       "      <td>0.388905</td>\n",
       "      <td>0.065842</td>\n",
       "    </tr>\n",
       "    <tr>\n",
       "      <th>oftMind</th>\n",
       "      <td>0.334836</td>\n",
       "      <td>0.279936</td>\n",
       "      <td>0.064615</td>\n",
       "      <td>0.468592</td>\n",
       "      <td>0.202108</td>\n",
       "      <td>0.137402</td>\n",
       "      <td>0.472031</td>\n",
       "      <td>0.570866</td>\n",
       "      <td>0.382372</td>\n",
       "      <td>1.000000</td>\n",
       "      <td>0.367555</td>\n",
       "      <td>0.028734</td>\n",
       "    </tr>\n",
       "    <tr>\n",
       "      <th>emotVal</th>\n",
       "      <td>0.344044</td>\n",
       "      <td>0.035129</td>\n",
       "      <td>0.218919</td>\n",
       "      <td>0.373945</td>\n",
       "      <td>0.247378</td>\n",
       "      <td>0.252095</td>\n",
       "      <td>0.488881</td>\n",
       "      <td>0.370964</td>\n",
       "      <td>0.388905</td>\n",
       "      <td>0.367555</td>\n",
       "      <td>1.000000</td>\n",
       "      <td>0.104230</td>\n",
       "    </tr>\n",
       "    <tr>\n",
       "      <th>tempOr</th>\n",
       "      <td>-0.046350</td>\n",
       "      <td>0.037519</td>\n",
       "      <td>0.234458</td>\n",
       "      <td>0.165864</td>\n",
       "      <td>0.230118</td>\n",
       "      <td>0.156749</td>\n",
       "      <td>0.162534</td>\n",
       "      <td>0.197132</td>\n",
       "      <td>0.065842</td>\n",
       "      <td>0.028734</td>\n",
       "      <td>0.104230</td>\n",
       "      <td>1.000000</td>\n",
       "    </tr>\n",
       "  </tbody>\n",
       "</table>\n",
       "</div>"
      ],
      "text/plain": [
       "           visImag  inSpeech    intent    struct      real   concAbs  \\\n",
       "visImag   1.000000  0.155124  0.190250  0.392717  0.182357  0.172258   \n",
       "inSpeech  0.155124  1.000000  0.162204  0.288172  0.313743  0.241900   \n",
       "intent    0.190250  0.162204  1.000000  0.402865  0.294887  0.348010   \n",
       "struct    0.392717  0.288172  0.402865  1.000000  0.498062  0.461555   \n",
       "real      0.182357  0.313743  0.294887  0.498062  1.000000  0.813847   \n",
       "concAbs   0.172258  0.241900  0.348010  0.461555  0.813847  1.000000   \n",
       "import    0.342683  0.186796  0.197543  0.551079  0.639471  0.525021   \n",
       "relGoal   0.351882  0.110923  0.176745  0.543600  0.381467  0.216487   \n",
       "fullDev   0.262818  0.147356  0.407325  0.595611  0.426020  0.522466   \n",
       "oftMind   0.334836  0.279936  0.064615  0.468592  0.202108  0.137402   \n",
       "emotVal   0.344044  0.035129  0.218919  0.373945  0.247378  0.252095   \n",
       "tempOr   -0.046350  0.037519  0.234458  0.165864  0.230118  0.156749   \n",
       "\n",
       "            import   relGoal   fullDev   oftMind   emotVal    tempOr  \n",
       "visImag   0.342683  0.351882  0.262818  0.334836  0.344044 -0.046350  \n",
       "inSpeech  0.186796  0.110923  0.147356  0.279936  0.035129  0.037519  \n",
       "intent    0.197543  0.176745  0.407325  0.064615  0.218919  0.234458  \n",
       "struct    0.551079  0.543600  0.595611  0.468592  0.373945  0.165864  \n",
       "real      0.639471  0.381467  0.426020  0.202108  0.247378  0.230118  \n",
       "concAbs   0.525021  0.216487  0.522466  0.137402  0.252095  0.156749  \n",
       "import    1.000000  0.647459  0.535839  0.472031  0.488881  0.162534  \n",
       "relGoal   0.647459  1.000000  0.458980  0.570866  0.370964  0.197132  \n",
       "fullDev   0.535839  0.458980  1.000000  0.382372  0.388905  0.065842  \n",
       "oftMind   0.472031  0.570866  0.382372  1.000000  0.367555  0.028734  \n",
       "emotVal   0.488881  0.370964  0.388905  0.367555  1.000000  0.104230  \n",
       "tempOr    0.162534  0.197132  0.065842  0.028734  0.104230  1.000000  "
      ]
     },
     "metadata": {},
     "output_type": "display_data"
    },
    {
     "name": "stdout",
     "output_type": "stream",
     "text": [
      "\n",
      "Within-Participant Correlation Matrix:\n"
     ]
    },
    {
     "data": {
      "application/vnd.microsoft.datawrangler.viewer.v0+json": {
       "columns": [
        {
         "name": "index",
         "rawType": "object",
         "type": "string"
        },
        {
         "name": "visImag",
         "rawType": "float64",
         "type": "float"
        },
        {
         "name": "inSpeech",
         "rawType": "float64",
         "type": "float"
        },
        {
         "name": "intent",
         "rawType": "float64",
         "type": "float"
        },
        {
         "name": "struct",
         "rawType": "float64",
         "type": "float"
        },
        {
         "name": "real",
         "rawType": "float64",
         "type": "float"
        },
        {
         "name": "concAbs",
         "rawType": "float64",
         "type": "float"
        },
        {
         "name": "import",
         "rawType": "float64",
         "type": "float"
        },
        {
         "name": "relGoal",
         "rawType": "float64",
         "type": "float"
        },
        {
         "name": "fullDev",
         "rawType": "float64",
         "type": "float"
        },
        {
         "name": "oftMind",
         "rawType": "float64",
         "type": "float"
        },
        {
         "name": "emotVal",
         "rawType": "float64",
         "type": "float"
        },
        {
         "name": "tempOr",
         "rawType": "float64",
         "type": "float"
        }
       ],
       "ref": "8dc26246-a55e-48e8-bf7a-ea0f71c7e5fd",
       "rows": [
        [
         "visImag",
         "1.0",
         "-0.051376202975156715",
         "0.04447049296205645",
         "0.06569368667379875",
         "0.04505913942310227",
         "0.1098552916906341",
         "0.06948055822869262",
         "-0.013074989432647649",
         "0.08648806374441587",
         "-0.014026654283881534",
         "0.11774741216656488",
         "-0.007593475670166255"
        ],
        [
         "inSpeech",
         "-0.051376202975156715",
         "1.0",
         "0.015848965208894204",
         "0.1883492353140308",
         "0.08567711810073539",
         "0.060296738469240746",
         "0.15238632775245767",
         "0.10737217738767181",
         "0.06130502683301449",
         "0.09800006825888961",
         "0.0207835716979258",
         "0.03014151920740323"
        ],
        [
         "intent",
         "0.04447049296205645",
         "0.015848965208894204",
         "1.0",
         "0.15774332251568068",
         "0.20342895521920493",
         "0.19341491072098566",
         "0.18117844491109472",
         "0.16614484155167097",
         "0.204087511651565",
         "0.09510775183824415",
         "0.1256175234854001",
         "-0.01928882440424582"
        ],
        [
         "struct",
         "0.06569368667379875",
         "0.1883492353140308",
         "0.15774332251568068",
         "1.0",
         "0.22776874884993195",
         "0.25208921097156084",
         "0.2490900767662738",
         "0.22632187783934862",
         "0.1928841702814199",
         "0.08082964873210419",
         "0.05924026577560666",
         "-0.0002767938281752963"
        ],
        [
         "real",
         "0.04505913942310227",
         "0.08567711810073539",
         "0.20342895521920493",
         "0.22776874884993195",
         "1.0",
         "0.45725863683039886",
         "0.41657979279106105",
         "0.3267280631385384",
         "0.28637474727685297",
         "0.14837797971467434",
         "0.14998012085164159",
         "-0.04437625328404276"
        ],
        [
         "concAbs",
         "0.1098552916906341",
         "0.060296738469240746",
         "0.19341491072098566",
         "0.25208921097156084",
         "0.45725863683039886",
         "1.0",
         "0.3630030318676863",
         "0.28338262559755695",
         "0.3249306610586503",
         "0.12722868168600307",
         "0.12235051217189805",
         "-0.07423513817160554"
        ],
        [
         "import",
         "0.06948055822869262",
         "0.15238632775245767",
         "0.18117844491109472",
         "0.2490900767662738",
         "0.41657979279106105",
         "0.3630030318676863",
         "1.0",
         "0.38199530548813293",
         "0.3137721670104076",
         "0.28315349003213713",
         "0.13787798634008924",
         "-0.010790831082767245"
        ],
        [
         "relGoal",
         "-0.013074989432647649",
         "0.10737217738767181",
         "0.16614484155167097",
         "0.22632187783934862",
         "0.3267280631385384",
         "0.28338262559755695",
         "0.38199530548813293",
         "1.0",
         "0.26564815196055674",
         "0.23191446541849517",
         "0.14085555115248882",
         "0.03632358235508212"
        ],
        [
         "fullDev",
         "0.08648806374441587",
         "0.06130502683301449",
         "0.204087511651565",
         "0.1928841702814199",
         "0.28637474727685297",
         "0.3249306610586503",
         "0.3137721670104076",
         "0.26564815196055674",
         "1.0",
         "0.13414318900400132",
         "0.13080693097781734",
         "-0.07269337332379724"
        ],
        [
         "oftMind",
         "-0.014026654283881534",
         "0.09800006825888961",
         "0.09510775183824415",
         "0.08082964873210419",
         "0.14837797971467434",
         "0.12722868168600307",
         "0.28315349003213713",
         "0.23191446541849517",
         "0.13414318900400132",
         "1.0",
         "0.05849705818075146",
         "0.03542496896382567"
        ],
        [
         "emotVal",
         "0.11774741216656488",
         "0.0207835716979258",
         "0.1256175234854001",
         "0.05924026577560666",
         "0.14998012085164159",
         "0.12235051217189805",
         "0.13787798634008924",
         "0.14085555115248882",
         "0.13080693097781734",
         "0.05849705818075146",
         "1.0",
         "0.09881105768215338"
        ],
        [
         "tempOr",
         "-0.007593475670166255",
         "0.03014151920740323",
         "-0.01928882440424582",
         "-0.0002767938281752963",
         "-0.04437625328404276",
         "-0.07423513817160554",
         "-0.010790831082767245",
         "0.03632358235508212",
         "-0.07269337332379724",
         "0.03542496896382567",
         "0.09881105768215338",
         "1.0"
        ]
       ],
       "shape": {
        "columns": 12,
        "rows": 12
       }
      },
      "text/html": [
       "<div>\n",
       "<style scoped>\n",
       "    .dataframe tbody tr th:only-of-type {\n",
       "        vertical-align: middle;\n",
       "    }\n",
       "\n",
       "    .dataframe tbody tr th {\n",
       "        vertical-align: top;\n",
       "    }\n",
       "\n",
       "    .dataframe thead th {\n",
       "        text-align: right;\n",
       "    }\n",
       "</style>\n",
       "<table border=\"1\" class=\"dataframe\">\n",
       "  <thead>\n",
       "    <tr style=\"text-align: right;\">\n",
       "      <th></th>\n",
       "      <th>visImag</th>\n",
       "      <th>inSpeech</th>\n",
       "      <th>intent</th>\n",
       "      <th>struct</th>\n",
       "      <th>real</th>\n",
       "      <th>concAbs</th>\n",
       "      <th>import</th>\n",
       "      <th>relGoal</th>\n",
       "      <th>fullDev</th>\n",
       "      <th>oftMind</th>\n",
       "      <th>emotVal</th>\n",
       "      <th>tempOr</th>\n",
       "    </tr>\n",
       "  </thead>\n",
       "  <tbody>\n",
       "    <tr>\n",
       "      <th>visImag</th>\n",
       "      <td>1.000000</td>\n",
       "      <td>-0.051376</td>\n",
       "      <td>0.044470</td>\n",
       "      <td>0.065694</td>\n",
       "      <td>0.045059</td>\n",
       "      <td>0.109855</td>\n",
       "      <td>0.069481</td>\n",
       "      <td>-0.013075</td>\n",
       "      <td>0.086488</td>\n",
       "      <td>-0.014027</td>\n",
       "      <td>0.117747</td>\n",
       "      <td>-0.007593</td>\n",
       "    </tr>\n",
       "    <tr>\n",
       "      <th>inSpeech</th>\n",
       "      <td>-0.051376</td>\n",
       "      <td>1.000000</td>\n",
       "      <td>0.015849</td>\n",
       "      <td>0.188349</td>\n",
       "      <td>0.085677</td>\n",
       "      <td>0.060297</td>\n",
       "      <td>0.152386</td>\n",
       "      <td>0.107372</td>\n",
       "      <td>0.061305</td>\n",
       "      <td>0.098000</td>\n",
       "      <td>0.020784</td>\n",
       "      <td>0.030142</td>\n",
       "    </tr>\n",
       "    <tr>\n",
       "      <th>intent</th>\n",
       "      <td>0.044470</td>\n",
       "      <td>0.015849</td>\n",
       "      <td>1.000000</td>\n",
       "      <td>0.157743</td>\n",
       "      <td>0.203429</td>\n",
       "      <td>0.193415</td>\n",
       "      <td>0.181178</td>\n",
       "      <td>0.166145</td>\n",
       "      <td>0.204088</td>\n",
       "      <td>0.095108</td>\n",
       "      <td>0.125618</td>\n",
       "      <td>-0.019289</td>\n",
       "    </tr>\n",
       "    <tr>\n",
       "      <th>struct</th>\n",
       "      <td>0.065694</td>\n",
       "      <td>0.188349</td>\n",
       "      <td>0.157743</td>\n",
       "      <td>1.000000</td>\n",
       "      <td>0.227769</td>\n",
       "      <td>0.252089</td>\n",
       "      <td>0.249090</td>\n",
       "      <td>0.226322</td>\n",
       "      <td>0.192884</td>\n",
       "      <td>0.080830</td>\n",
       "      <td>0.059240</td>\n",
       "      <td>-0.000277</td>\n",
       "    </tr>\n",
       "    <tr>\n",
       "      <th>real</th>\n",
       "      <td>0.045059</td>\n",
       "      <td>0.085677</td>\n",
       "      <td>0.203429</td>\n",
       "      <td>0.227769</td>\n",
       "      <td>1.000000</td>\n",
       "      <td>0.457259</td>\n",
       "      <td>0.416580</td>\n",
       "      <td>0.326728</td>\n",
       "      <td>0.286375</td>\n",
       "      <td>0.148378</td>\n",
       "      <td>0.149980</td>\n",
       "      <td>-0.044376</td>\n",
       "    </tr>\n",
       "    <tr>\n",
       "      <th>concAbs</th>\n",
       "      <td>0.109855</td>\n",
       "      <td>0.060297</td>\n",
       "      <td>0.193415</td>\n",
       "      <td>0.252089</td>\n",
       "      <td>0.457259</td>\n",
       "      <td>1.000000</td>\n",
       "      <td>0.363003</td>\n",
       "      <td>0.283383</td>\n",
       "      <td>0.324931</td>\n",
       "      <td>0.127229</td>\n",
       "      <td>0.122351</td>\n",
       "      <td>-0.074235</td>\n",
       "    </tr>\n",
       "    <tr>\n",
       "      <th>import</th>\n",
       "      <td>0.069481</td>\n",
       "      <td>0.152386</td>\n",
       "      <td>0.181178</td>\n",
       "      <td>0.249090</td>\n",
       "      <td>0.416580</td>\n",
       "      <td>0.363003</td>\n",
       "      <td>1.000000</td>\n",
       "      <td>0.381995</td>\n",
       "      <td>0.313772</td>\n",
       "      <td>0.283153</td>\n",
       "      <td>0.137878</td>\n",
       "      <td>-0.010791</td>\n",
       "    </tr>\n",
       "    <tr>\n",
       "      <th>relGoal</th>\n",
       "      <td>-0.013075</td>\n",
       "      <td>0.107372</td>\n",
       "      <td>0.166145</td>\n",
       "      <td>0.226322</td>\n",
       "      <td>0.326728</td>\n",
       "      <td>0.283383</td>\n",
       "      <td>0.381995</td>\n",
       "      <td>1.000000</td>\n",
       "      <td>0.265648</td>\n",
       "      <td>0.231914</td>\n",
       "      <td>0.140856</td>\n",
       "      <td>0.036324</td>\n",
       "    </tr>\n",
       "    <tr>\n",
       "      <th>fullDev</th>\n",
       "      <td>0.086488</td>\n",
       "      <td>0.061305</td>\n",
       "      <td>0.204088</td>\n",
       "      <td>0.192884</td>\n",
       "      <td>0.286375</td>\n",
       "      <td>0.324931</td>\n",
       "      <td>0.313772</td>\n",
       "      <td>0.265648</td>\n",
       "      <td>1.000000</td>\n",
       "      <td>0.134143</td>\n",
       "      <td>0.130807</td>\n",
       "      <td>-0.072693</td>\n",
       "    </tr>\n",
       "    <tr>\n",
       "      <th>oftMind</th>\n",
       "      <td>-0.014027</td>\n",
       "      <td>0.098000</td>\n",
       "      <td>0.095108</td>\n",
       "      <td>0.080830</td>\n",
       "      <td>0.148378</td>\n",
       "      <td>0.127229</td>\n",
       "      <td>0.283153</td>\n",
       "      <td>0.231914</td>\n",
       "      <td>0.134143</td>\n",
       "      <td>1.000000</td>\n",
       "      <td>0.058497</td>\n",
       "      <td>0.035425</td>\n",
       "    </tr>\n",
       "    <tr>\n",
       "      <th>emotVal</th>\n",
       "      <td>0.117747</td>\n",
       "      <td>0.020784</td>\n",
       "      <td>0.125618</td>\n",
       "      <td>0.059240</td>\n",
       "      <td>0.149980</td>\n",
       "      <td>0.122351</td>\n",
       "      <td>0.137878</td>\n",
       "      <td>0.140856</td>\n",
       "      <td>0.130807</td>\n",
       "      <td>0.058497</td>\n",
       "      <td>1.000000</td>\n",
       "      <td>0.098811</td>\n",
       "    </tr>\n",
       "    <tr>\n",
       "      <th>tempOr</th>\n",
       "      <td>-0.007593</td>\n",
       "      <td>0.030142</td>\n",
       "      <td>-0.019289</td>\n",
       "      <td>-0.000277</td>\n",
       "      <td>-0.044376</td>\n",
       "      <td>-0.074235</td>\n",
       "      <td>-0.010791</td>\n",
       "      <td>0.036324</td>\n",
       "      <td>-0.072693</td>\n",
       "      <td>0.035425</td>\n",
       "      <td>0.098811</td>\n",
       "      <td>1.000000</td>\n",
       "    </tr>\n",
       "  </tbody>\n",
       "</table>\n",
       "</div>"
      ],
      "text/plain": [
       "           visImag  inSpeech    intent    struct      real   concAbs  \\\n",
       "visImag   1.000000 -0.051376  0.044470  0.065694  0.045059  0.109855   \n",
       "inSpeech -0.051376  1.000000  0.015849  0.188349  0.085677  0.060297   \n",
       "intent    0.044470  0.015849  1.000000  0.157743  0.203429  0.193415   \n",
       "struct    0.065694  0.188349  0.157743  1.000000  0.227769  0.252089   \n",
       "real      0.045059  0.085677  0.203429  0.227769  1.000000  0.457259   \n",
       "concAbs   0.109855  0.060297  0.193415  0.252089  0.457259  1.000000   \n",
       "import    0.069481  0.152386  0.181178  0.249090  0.416580  0.363003   \n",
       "relGoal  -0.013075  0.107372  0.166145  0.226322  0.326728  0.283383   \n",
       "fullDev   0.086488  0.061305  0.204088  0.192884  0.286375  0.324931   \n",
       "oftMind  -0.014027  0.098000  0.095108  0.080830  0.148378  0.127229   \n",
       "emotVal   0.117747  0.020784  0.125618  0.059240  0.149980  0.122351   \n",
       "tempOr   -0.007593  0.030142 -0.019289 -0.000277 -0.044376 -0.074235   \n",
