{
 "cells": [
  {
   "cell_type": "code",
   "execution_count": 1,
   "id": "1dad889d",
   "metadata": {},
   "outputs": [
    {
     "name": "stdout",
     "output_type": "stream",
     "text": [
      "Imported final_trkData from data/final_trkData.csv\n",
      "Imported tcqData from data/tcqData.csv\n",
      "Imported notifCount from data/notifCount.csv\n",
      "Imported MWctr from data/MWctr.csv\n",
      "Imported preQDat from data/preQDat.csv\n",
      "Imported postQDat from data/postQDat.csv\n"
     ]
    }
   ],
   "source": [
    "# Import main DataFrames from the data folder\n",
    "import matplotlib.pyplot as plt\n",
    "import pandas as pd\n",
    "\n",
    "imported_dfs = {}\n",
    "for name in [\"final_trkData\", \"tcqData\", \"notifCount\", \"MWctr\", \"preQDat\", \"postQDat\"]:\n",
    "    imported_dfs[name] = pd.read_csv(f\"data/{name}.csv\", index_col=0)\n",
    "    print(f\"Imported {name} from data/{name}.csv\")\n",
    "\n",
    "# Optionally, unpack to variables:\n",
    "final_trkData = imported_dfs[\"final_trkData\"]\n",
    "tcqData = imported_dfs[\"tcqData\"]\n",
    "notifCount = imported_dfs[\"notifCount\"]\n",
    "MWctr = imported_dfs[\"MWctr\"]\n",
    "preQDat = imported_dfs[\"preQDat\"]\n",
    "postQDat = imported_dfs[\"postQDat\"]"
   ]
  },
  {
   "cell_type": "code",
   "execution_count": 2,
   "id": "f1c93d7b",
   "metadata": {},
   "outputs": [
    {
     "data": {
      "text/plain": [
       "136"
      ]
     },
     "execution_count": 2,
     "metadata": {},
     "output_type": "execute_result"
    }
   ],
   "source": [
    "len(tcqData['expiwellID'].unique())"
   ]
  },
  {
   "cell_type": "code",
   "execution_count": 3,
   "id": "51832b97",
   "metadata": {},
   "outputs": [
    {
     "name": "stdout",
     "output_type": "stream",
     "text": [
      "Shape: (4681, 21)\n",
      "Columns: ['Start Date', 'End Date', 'Time Scheduled', 'Duration (in seconds)', 'expiwellID', 'Participant ID', 'onTask', 'visImag', 'inSpeech', 'intent', 'struct', 'real', 'concAbs', 'import', 'relGoal', 'fullDev', 'oftMind', 'emotVal', 'tempOr', 'funct', 'functOth']\n"
     ]
    }
   ],
   "source": [
    "\n",
    "#get the length and colnames\n",
    "#get the length and colnames\n",
    "print(f\"Shape: {tcqData.shape}\")\n",
    "print(f\"Columns: {tcqData.columns.tolist()}\")\n",
    "tcqDataMaster=tcqData.copy()\n",
    "#ok so its already cleaned\n",
    "#but we shoudl subset for the participatns whose mind was actually wandering, so ontask >1\n",
    "tcqData=tcqData[tcqData['onTask']>1]\n",
    "#specficiically for the CFA, lets not include factors not present in the original\n",
    "tcq_cols = ['visImag', 'inSpeech', 'intent', 'struct', 'real', 'concAbs', 'import', 'relGoal','oftMind', 'emotVal',]\n",
    "#drop rows with NaN in any of the tcq_cols\n",
    "tcqData = tcqData.dropna(subset=tcq_cols)\n",
    "#lost like 10 rows\n",
    "within = tcqData.copy()\n",
    "between = tcqData.copy()\n",
    "#mean center within participants\n",
    "within[tcq_cols] = within.groupby(\"Participant ID\")[tcq_cols].transform(lambda x: x - x.mean())\n",
    "#mean center between participants\n",
    "#between[tcq_cols] = between.groupby(\"Participant ID\")[tcq_cols].mean()\n",
    "\n",
    "between = between.groupby(\"Participant ID\")[tcq_cols].mean() - between[tcq_cols].mean()\n"
   ]
  },
  {
   "cell_type": "code",
   "execution_count": 4,
   "id": "561e48c1",
   "metadata": {},
   "outputs": [
    {
     "data": {
      "text/plain": [
       "133"
      ]
     },
     "execution_count": 4,
     "metadata": {},
     "output_type": "execute_result"
    }
   ],
   "source": [
    "len(tcqData['expiwellID'].unique())"
   ]
  },
  {
   "cell_type": "code",
   "execution_count": 5,
   "id": "cef3702c",
   "metadata": {},
   "outputs": [
    {
     "name": "stdout",
     "output_type": "stream",
     "text": [
      "    item      ICC  Var_between  Var_within  n_obs  n_participants\n",
      " visImag 0.390667     1.393535    2.173533   2202             133\n",
      "inSpeech 0.322474     1.055722    2.218093   2202             133\n",
      " oftMind 0.319477     0.910192    1.938812   2202             133\n",
      "  intent 0.297568     0.959215    2.264305   2202             133\n",
      "  struct 0.294793     0.845923    2.023628   2202             133\n",
      " relGoal 0.270053     0.999245    2.700930   2202             133\n",
      "    real 0.269153     0.734370    1.994079   2202             133\n",
      " concAbs 0.265830     0.781540    2.158465   2202             133\n",
      "  import 0.220744     0.641369    2.264119   2202             133\n",
      " emotVal 0.149240     0.288487    1.644559   2202             133\n"
     ]
    }
   ],
   "source": [
    "\n",
    "#between[tcq_cols] = between[tcq_cols] - between[tcq_cols].mean()\n",
    "\n",
    "\n",
    "import pandas as pd\n",
    "import numpy as np\n",
    "import statsmodels.api as sm\n",
    "\n",
    "def icc_random_intercept(df, pid_col, item_col):\n",
    "    \"\"\"\n",
    "    ICC for a single item with episodes nested within participant:\n",
    "      y_ij = mu + u_j + e_ij\n",
    "      ICC = Var(u) / (Var(u) + Var(e))\n",
    "\n",
    "    Returns: icc, var_between, var_within, n_obs, n_groups\n",
    "    \"\"\"\n",
    "    dat = df[[pid_col, item_col]].dropna().copy()\n",
    "    dat[item_col] = pd.to_numeric(dat[item_col], errors=\"coerce\")\n",
    "    dat = dat.dropna()\n",
    "\n",
    "    n_obs = dat.shape[0]\n",
    "    n_groups = dat[pid_col].nunique()\n",
    "\n",
    "    # Need at least 2 groups and >1 observation per some groups to estimate variance components\n",
    "    if n_groups < 2 or n_obs < 3:\n",
    "        return np.nan, np.nan, np.nan, n_obs, n_groups\n",
    "\n",
    "    # Random intercept model: y ~ 1 + (1|pid)\n",
    "        # MixedLM in statsmodels uses \"groups\" for random intercept by default.\n",
    "    model = sm.MixedLM(endog=dat[item_col], exog=np.ones((n_obs, 1)), groups=dat[pid_col])\n",
    "    try:\n",
    "        fit = model.fit(reml=True, method=\"cg\", disp=False)\n",
    "        if not fit.converged:\n",
    "             print(f\"Warning: Model for '{item_col}' did not converge.\")\n",
    "    except Exception as e:\n",
    "        print(f\"Error fitting model for '{item_col}': {e}\")\n",
    "        return np.nan, np.nan, np.nan, n_obs, n_groups\n",
    "\n",
    "    # Extract variance components\n",
    "    var_between = float(fit.cov_re.iloc[0, 0])      # Var(u)\n",
    "    var_within = float(fit.scale)                  # Var(e)\n",
    "\n",
    "    icc = var_between / (var_between + var_within) if (var_between + var_within) > 0 else np.nan\n",
    "    return icc, var_between, var_within, n_obs, n_groups\n",
    "\n",
    "\n",
    "def icc_table(df, pid_col=\"pid\", tcq_cols=[]):\n",
    "\n",
    "    rows = []\n",
    "    for col in tcq_cols:\n",
    "        icc, vb, vw, n_obs, n_groups = icc_random_intercept(df, pid_col, col)\n",
    "        rows.append({\n",
    "            \"item\": col,\n",
    "            \"ICC\": icc,\n",
    "            \"Var_between\": vb,\n",
    "            \"Var_within\": vw,\n",
    "            \"n_obs\": n_obs,\n",
    "            \"n_participants\": n_groups\n",
    "        })\n",
    "\n",
    "    out = pd.DataFrame(rows).sort_values(\"ICC\", ascending=False)\n",
    "    return out\n",
    "\n",
    "\n",
    "\n",
    "iccs = icc_table(tcqData, pid_col=\"Participant ID\", tcq_cols=tcq_cols)\n",
    "print(iccs.to_string(index=False))\n",
    "\n"
   ]
  },
  {
   "cell_type": "code",
   "execution_count": 6,
   "id": "80b3d723",
   "metadata": {},
   "outputs": [
    {
     "name": "stdout",
     "output_type": "stream",
     "text": [
      "Recoded 'tempOr' column. Displaying a sample:\n"
     ]
    },
    {
     "data": {
      "application/vnd.microsoft.datawrangler.viewer.v0+json": {
       "columns": [
        {
         "name": "index",
         "rawType": "float64",
         "type": "float"
        },
        {
         "name": "tempOr",
         "rawType": "float64",
         "type": "float"
        }
       ],
       "ref": "1823bb58-fb23-4b62-880f-ad6abada53d9",
       "rows": [
        [
         "-1.0",
         "6.993642143505904"
        ],
        [
         "0.0",
         "55.222524977293375"
        ],
        [
         "1.0",
         "37.78383287920072"
        ]
       ],
       "shape": {
        "columns": 1,
        "rows": 3
       }
      },
      "text/plain": [
       "-1.0     6.993642\n",
       " 0.0    55.222525\n",
       " 1.0    37.783833\n",
       "Name: tempOr, dtype: float64"
      ]
     },
     "metadata": {},
     "output_type": "display_data"
    },
    {
     "name": "stdout",
     "output_type": "stream",
     "text": [
      "Between-Participant Correlation Matrix:\n"
     ]
    },
    {
     "data": {
      "application/vnd.microsoft.datawrangler.viewer.v0+json": {
       "columns": [
        {
         "name": "index",
         "rawType": "object",
         "type": "string"
        },
        {
         "name": "visImag",
         "rawType": "float64",
         "type": "float"
        },
        {
         "name": "inSpeech",
         "rawType": "float64",
         "type": "float"
        },
        {
         "name": "intent",
         "rawType": "float64",
         "type": "float"
        },
        {
         "name": "struct",
         "rawType": "float64",
         "type": "float"
        },
        {
         "name": "real",
         "rawType": "float64",
         "type": "float"
        },
        {
         "name": "concAbs",
         "rawType": "float64",
         "type": "float"
        },
        {
         "name": "import",
         "rawType": "float64",
         "type": "float"
        },
        {
         "name": "relGoal",
         "rawType": "float64",
         "type": "float"
        },
        {
         "name": "fullDev",
         "rawType": "float64",
         "type": "float"
        },
        {
         "name": "oftMind",
         "rawType": "float64",
         "type": "float"
        },
        {
         "name": "emotVal",
         "rawType": "float64",
         "type": "float"
        },
        {
         "name": "tempOr",
         "rawType": "float64",
         "type": "float"
        }
       ],
       "ref": "097cb630-e16f-4d48-bf70-edebbab3f3c0",
       "rows": [
        [
         "visImag",
         "1.0",
         "0.16679138874053526",
         "0.2106575082110062",
         "0.4061781183675346",
         "0.20272101031791182",
         "0.1929998804794827",
         "0.3656292092393155",
         "0.34023175733014355",
         "0.28313280359026166",
         "0.3236536039363731",
         "0.3758706112620381",
         "-0.005769876799943827"
        ],
        [
         "inSpeech",
         "0.16679138874053526",
         "1.0",
         "0.12707980678755135",
         "0.27072404239631026",
         "0.2896496396845544",
         "0.20695282352189015",
         "0.17027199753457556",
         "0.13082758693744856",
         "0.1333563892119153",
         "0.28372007088280826",
         "-0.0031654913930804513",
         "0.1003153272691804"
        ],
        [
         "intent",
         "0.2106575082110062",
         "0.12707980678755135",
         "1.0",
         "0.3892074378391795",
         "0.27071416712591007",
         "0.31474728468353513",
         "0.1723565358063045",
         "0.20365089301860445",
         "0.39918422050286767",
         "0.0689291187515857",
         "0.17943918970790293",
         "0.3338988012569244"
        ],
        [
         "struct",
         "0.4061781183675346",
         "0.27072404239631026",
         "0.3892074378391795",
         "1.0",
         "0.48784766602078256",
         "0.4477893216544144",
         "0.555736783959353",
         "0.5683887002281596",
         "0.6071720194965748",
         "0.47467931210321995",
         "0.36332794361391924",
         "0.2221039044274623"
        ],
        [
         "real",
         "0.20272101031791182",
         "0.2896496396845544",
         "0.27071416712591007",
         "0.48784766602078256",
         "1.0",
         "0.8052460684065329",
         "0.6601506772811686",
         "0.4297798048983143",
         "0.4500172506575393",
         "0.20403253564322396",
         "0.2211834957748329",
         "0.301833177727222"
        ],
        [
         "concAbs",
         "0.1929998804794827",
         "0.20695282352189015",
         "0.31474728468353513",
         "0.4477893216544144",
         "0.8052460684065329",
         "1.0",
         "0.5299048235112415",
         "0.2558403616568539",
         "0.5441740500955294",
         "0.1380113966406702",
         "0.21733210667069688",
         "0.24675639905557992"
        ],
        [
         "import",
         "0.3656292092393155",
         "0.17027199753457556",
         "0.1723565358063045",
         "0.555736783959353",
         "0.6601506772811686",
         "0.5299048235112415",
         "1.0",
         "0.6712224625889792",
         "0.5107289694704014",
         "0.5114787775009173",
         "0.4580990675540455",
         "0.20101364687119272"
        ],
        [
         "relGoal",
         "0.34023175733014355",
         "0.13082758693744856",
         "0.20365089301860445",
         "0.5683887002281596",
         "0.4297798048983143",
         "0.2558403616568539",
         "0.6712224625889792",
         "1.0",
         "0.4715212899576237",
         "0.583034852374931",
         "0.39789628711302655",
         "0.23342645017532876"
        ],
        [
         "fullDev",
         "0.28313280359026166",
         "0.1333563892119153",
         "0.39918422050286767",
         "0.6071720194965748",
         "0.4500172506575393",
         "0.5441740500955294",
         "0.5107289694704014",
         "0.4715212899576237",
         "1.0",
         "0.4199929743870653",
         "0.35793785279268714",
         "0.08521023432786479"
        ],
        [
         "oftMind",
         "0.3236536039363731",
         "0.28372007088280826",
         "0.0689291187515857",
         "0.47467931210321995",
         "0.20403253564322396",
         "0.1380113966406702",
         "0.5114787775009173",
         "0.583034852374931",
         "0.4199929743870653",
         "1.0",
         "0.4014355559900054",
         "0.09226915090716861"
        ],
        [
         "emotVal",
         "0.3758706112620381",
         "-0.0031654913930804513",
         "0.17943918970790293",
         "0.36332794361391924",
         "0.2211834957748329",
         "0.21733210667069688",
         "0.4580990675540455",
         "0.39789628711302655",
         "0.35793785279268714",
         "0.4014355559900054",
         "1.0",
         "0.15324900571382116"
        ],
        [
         "tempOr",
         "-0.005769876799943827",
         "0.1003153272691804",
         "0.3338988012569244",
         "0.2221039044274623",
         "0.301833177727222",
         "0.24675639905557992",
         "0.20101364687119272",
         "0.23342645017532876",
         "0.08521023432786479",
         "0.09226915090716861",
         "0.15324900571382116",
         "1.0"
        ]
       ],
       "shape": {
        "columns": 12,
        "rows": 12
       }
      },
      "text/html": [
       "<div>\n",
       "<style scoped>\n",
       "    .dataframe tbody tr th:only-of-type {\n",
       "        vertical-align: middle;\n",
       "    }\n",
       "\n",
       "    .dataframe tbody tr th {\n",
       "        vertical-align: top;\n",
       "    }\n",
       "\n",
       "    .dataframe thead th {\n",
       "        text-align: right;\n",
       "    }\n",
       "</style>\n",
       "<table border=\"1\" class=\"dataframe\">\n",
       "  <thead>\n",
       "    <tr style=\"text-align: right;\">\n",
       "      <th></th>\n",
       "      <th>visImag</th>\n",
       "      <th>inSpeech</th>\n",
       "      <th>intent</th>\n",
       "      <th>struct</th>\n",
       "      <th>real</th>\n",
       "      <th>concAbs</th>\n",
       "      <th>import</th>\n",
       "      <th>relGoal</th>\n",
       "      <th>fullDev</th>\n",
       "      <th>oftMind</th>\n",
       "      <th>emotVal</th>\n",
       "      <th>tempOr</th>\n",
       "    </tr>\n",
       "  </thead>\n",
       "  <tbody>\n",
       "    <tr>\n",
       "      <th>visImag</th>\n",
       "      <td>1.000000</td>\n",
       "      <td>0.166791</td>\n",
       "      <td>0.210658</td>\n",
       "      <td>0.406178</td>\n",
       "      <td>0.202721</td>\n",
       "      <td>0.193000</td>\n",
       "      <td>0.365629</td>\n",
       "      <td>0.340232</td>\n",
       "      <td>0.283133</td>\n",
       "      <td>0.323654</td>\n",
       "      <td>0.375871</td>\n",
       "      <td>-0.005770</td>\n",
       "    </tr>\n",
       "    <tr>\n",
       "      <th>inSpeech</th>\n",
       "      <td>0.166791</td>\n",
       "      <td>1.000000</td>\n",
       "      <td>0.127080</td>\n",
       "      <td>0.270724</td>\n",
       "      <td>0.289650</td>\n",
       "      <td>0.206953</td>\n",
       "      <td>0.170272</td>\n",
       "      <td>0.130828</td>\n",
       "      <td>0.133356</td>\n",
       "      <td>0.283720</td>\n",
       "      <td>-0.003165</td>\n",
       "      <td>0.100315</td>\n",
       "    </tr>\n",
       "    <tr>\n",
       "      <th>intent</th>\n",
       "      <td>0.210658</td>\n",
       "      <td>0.127080</td>\n",
       "      <td>1.000000</td>\n",
       "      <td>0.389207</td>\n",
       "      <td>0.270714</td>\n",
       "      <td>0.314747</td>\n",
       "      <td>0.172357</td>\n",
       "      <td>0.203651</td>\n",
       "      <td>0.399184</td>\n",
       "      <td>0.068929</td>\n",
       "      <td>0.179439</td>\n",
       "      <td>0.333899</td>\n",
       "    </tr>\n",
       "    <tr>\n",
       "      <th>struct</th>\n",
       "      <td>0.406178</td>\n",
       "      <td>0.270724</td>\n",
       "      <td>0.389207</td>\n",
       "      <td>1.000000</td>\n",
       "      <td>0.487848</td>\n",
       "      <td>0.447789</td>\n",
       "      <td>0.555737</td>\n",
       "      <td>0.568389</td>\n",
       "      <td>0.607172</td>\n",
       "      <td>0.474679</td>\n",
       "      <td>0.363328</td>\n",
       "      <td>0.222104</td>\n",
       "    </tr>\n",
       "    <tr>\n",
       "      <th>real</th>\n",
       "      <td>0.202721</td>\n",
       "      <td>0.289650</td>\n",
       "      <td>0.270714</td>\n",
       "      <td>0.487848</td>\n",
       "      <td>1.000000</td>\n",
       "      <td>0.805246</td>\n",
       "      <td>0.660151</td>\n",
       "      <td>0.429780</td>\n",
       "      <td>0.450017</td>\n",
       "      <td>0.204033</td>\n",
       "      <td>0.221183</td>\n",
       "      <td>0.301833</td>\n",
       "    </tr>\n",
       "    <tr>\n",
       "      <th>concAbs</th>\n",
       "      <td>0.193000</td>\n",
       "      <td>0.206953</td>\n",
       "      <td>0.314747</td>\n",
       "      <td>0.447789</td>\n",
       "      <td>0.805246</td>\n",
       "      <td>1.000000</td>\n",
       "      <td>0.529905</td>\n",
       "      <td>0.255840</td>\n",
       "      <td>0.544174</td>\n",
       "      <td>0.138011</td>\n",
       "      <td>0.217332</td>\n",
       "      <td>0.246756</td>\n",
       "    </tr>\n",
       "    <tr>\n",
       "      <th>import</th>\n",
       "      <td>0.365629</td>\n",
       "      <td>0.170272</td>\n",
       "      <td>0.172357</td>\n",
       "      <td>0.555737</td>\n",
       "      <td>0.660151</td>\n",
       "      <td>0.529905</td>\n",
       "      <td>1.000000</td>\n",
       "      <td>0.671222</td>\n",
       "      <td>0.510729</td>\n",
       "      <td>0.511479</td>\n",
       "      <td>0.458099</td>\n",
       "      <td>0.201014</td>\n",
       "    </tr>\n",
       "    <tr>\n",
       "      <th>relGoal</th>\n",
       "      <td>0.340232</td>\n",
       "      <td>0.130828</td>\n",
       "      <td>0.203651</td>\n",
       "      <td>0.568389</td>\n",
       "      <td>0.429780</td>\n",
       "      <td>0.255840</td>\n",
       "      <td>0.671222</td>\n",
       "      <td>1.000000</td>\n",
       "      <td>0.471521</td>\n",
       "      <td>0.583035</td>\n",
       "      <td>0.397896</td>\n",
       "      <td>0.233426</td>\n",
       "    </tr>\n",
       "    <tr>\n",
       "      <th>fullDev</th>\n",
       "      <td>0.283133</td>\n",
       "      <td>0.133356</td>\n",
       "      <td>0.399184</td>\n",
       "      <td>0.607172</td>\n",
       "      <td>0.450017</td>\n",
       "      <td>0.544174</td>\n",
       "      <td>0.510729</td>\n",
       "      <td>0.471521</td>\n",
       "      <td>1.000000</td>\n",
       "      <td>0.419993</td>\n",
       "      <td>0.357938</td>\n",
       "      <td>0.085210</td>\n",
       "    </tr>\n",
       "    <tr>\n",
       "      <th>oftMind</th>\n",
       "      <td>0.323654</td>\n",
       "      <td>0.283720</td>\n",
       "      <td>0.068929</td>\n",
       "      <td>0.474679</td>\n",
       "      <td>0.204033</td>\n",
       "      <td>0.138011</td>\n",
       "      <td>0.511479</td>\n",
       "      <td>0.583035</td>\n",
       "      <td>0.419993</td>\n",
       "      <td>1.000000</td>\n",
       "      <td>0.401436</td>\n",
       "      <td>0.092269</td>\n",
       "    </tr>\n",
       "    <tr>\n",
       "      <th>emotVal</th>\n",
       "      <td>0.375871</td>\n",
       "      <td>-0.003165</td>\n",
       "      <td>0.179439</td>\n",
       "      <td>0.363328</td>\n",
       "      <td>0.221183</td>\n",
       "      <td>0.217332</td>\n",
       "      <td>0.458099</td>\n",
       "      <td>0.397896</td>\n",
       "      <td>0.357938</td>\n",
       "      <td>0.401436</td>\n",
       "      <td>1.000000</td>\n",
       "      <td>0.153249</td>\n",
       "    </tr>\n",
       "    <tr>\n",
       "      <th>tempOr</th>\n",
       "      <td>-0.005770</td>\n",
       "      <td>0.100315</td>\n",
       "      <td>0.333899</td>\n",
       "      <td>0.222104</td>\n",
       "      <td>0.301833</td>\n",
       "      <td>0.246756</td>\n",
       "      <td>0.201014</td>\n",
       "      <td>0.233426</td>\n",
       "      <td>0.085210</td>\n",
       "      <td>0.092269</td>\n",
       "      <td>0.153249</td>\n",
       "      <td>1.000000</td>\n",
       "    </tr>\n",
       "  </tbody>\n",
       "</table>\n",
       "</div>"
      ],
      "text/plain": [
       "           visImag  inSpeech    intent    struct      real   concAbs  \\\n",
       "visImag   1.000000  0.166791  0.210658  0.406178  0.202721  0.193000   \n",
       "inSpeech  0.166791  1.000000  0.127080  0.270724  0.289650  0.206953   \n",
       "intent    0.210658  0.127080  1.000000  0.389207  0.270714  0.314747   \n",
       "struct    0.406178  0.270724  0.389207  1.000000  0.487848  0.447789   \n",
       "real      0.202721  0.289650  0.270714  0.487848  1.000000  0.805246   \n",
       "concAbs   0.193000  0.206953  0.314747  0.447789  0.805246  1.000000   \n",
       "import    0.365629  0.170272  0.172357  0.555737  0.660151  0.529905   \n",
       "relGoal   0.340232  0.130828  0.203651  0.568389  0.429780  0.255840   \n",
       "fullDev   0.283133  0.133356  0.399184  0.607172  0.450017  0.544174   \n",
       "oftMind   0.323654  0.283720  0.068929  0.474679  0.204033  0.138011   \n",
       "emotVal   0.375871 -0.003165  0.179439  0.363328  0.221183  0.217332   \n",
       "tempOr   -0.005770  0.100315  0.333899  0.222104  0.301833  0.246756   \n",
       "\n",
       "            import   relGoal   fullDev   oftMind   emotVal    tempOr  \n",
       "visImag   0.365629  0.340232  0.283133  0.323654  0.375871 -0.005770  \n",
       "inSpeech  0.170272  0.130828  0.133356  0.283720 -0.003165  0.100315  \n",
       "intent    0.172357  0.203651  0.399184  0.068929  0.179439  0.333899  \n",
       "struct    0.555737  0.568389  0.607172  0.474679  0.363328  0.222104  \n",
       "real      0.660151  0.429780  0.450017  0.204033  0.221183  0.301833  \n",
       "concAbs   0.529905  0.255840  0.544174  0.138011  0.217332  0.246756  \n",
       "import    1.000000  0.671222  0.510729  0.511479  0.458099  0.201014  \n",
       "relGoal   0.671222  1.000000  0.471521  0.583035  0.397896  0.233426  \n",
       "fullDev   0.510729  0.471521  1.000000  0.419993  0.357938  0.085210  \n",
       "oftMind   0.511479  0.583035  0.419993  1.000000  0.401436  0.092269  \n",
       "emotVal   0.458099  0.397896  0.357938  0.401436  1.000000  0.153249  \n",
       "tempOr    0.201014  0.233426  0.085210  0.092269  0.153249  1.000000  "
      ]
     },
     "metadata": {},
     "output_type": "display_data"
    },
    {
     "name": "stdout",
     "output_type": "stream",
     "text": [
      "\n",
      "Within-Participant Correlation Matrix:\n"
     ]
    },
    {
     "data": {
      "application/vnd.microsoft.datawrangler.viewer.v0+json": {
       "columns": [
        {
         "name": "index",
         "rawType": "object",
         "type": "string"
        },
        {
         "name": "visImag",
         "rawType": "float64",
         "type": "float"
        },
        {
         "name": "inSpeech",
         "rawType": "float64",
         "type": "float"
        },
        {
         "name": "intent",
         "rawType": "float64",
         "type": "float"
        },
        {
         "name": "struct",
         "rawType": "float64",
         "type": "float"
        },
        {
         "name": "real",
         "rawType": "float64",
         "type": "float"
        },
        {
         "name": "concAbs",
         "rawType": "float64",
         "type": "float"
        },
        {
         "name": "import",
         "rawType": "float64",
         "type": "float"
        },
        {
         "name": "relGoal",
         "rawType": "float64",
         "type": "float"
        },
        {
         "name": "fullDev",
         "rawType": "float64",
         "type": "float"
        },
        {
         "name": "oftMind",
         "rawType": "float64",
         "type": "float"
        },
        {
         "name": "emotVal",
         "rawType": "float64",
         "type": "float"
        },
        {
         "name": "tempOr",
         "rawType": "float64",
         "type": "float"
        }
       ],
       "ref": "a5161fa4-eecc-4cab-bd14-d8817b3759c8",
       "rows": [
        [
         "visImag",
         "1.0",
         "-0.04841775530422763",
         "0.04489740645299423",
         "0.06520715921254853",
         "0.044540705372836505",
         "0.1116273464119144",
         "0.07073664632995841",
         "-0.013984386573180595",
         "0.0863697634401131",
         "-0.012581220591042804",
         "0.11902279994956518",
         "-0.0044289797573175554"
        ],
        [
         "inSpeech",
         "-0.04841775530422763",
         "1.0",
         "0.017469868351588647",
         "0.1931322673942835",
         "0.08533676819349473",
         "0.056732851014385355",
         "0.15124968328511545",
         "0.10861213563172703",
         "0.06522838233985431",
         "0.09429157409592659",
         "0.02401235262225216",
         "0.025113214962067698"
        ],
        [
         "intent",
         "0.04489740645299423",
         "0.017469868351588647",
         "1.0",
         "0.16216127843078182",
         "0.20366876228752132",
         "0.19489015956895722",
         "0.1820810319729336",
         "0.16682720214226032",
         "0.20845427778203499",
         "0.0929615687452263",
         "0.12771537939198982",
         "-0.017319988797569533"
        ],
        [
         "struct",
         "0.06520715921254853",
         "0.1931322673942835",
         "0.16216127843078182",
         "1.0",
         "0.23311113524534924",
         "0.25736329064139274",
         "0.2505078856370507",
         "0.22651610742408593",
         "0.19604688000892767",
         "0.08961370803018412",
         "0.06011692457167579",
         "-0.0006676521375090406"
        ],
        [
         "real",
         "0.044540705372836505",
         "0.08533676819349473",
         "0.20366876228752132",
         "0.23311113524534924",
         "1.0",
         "0.46001716610688226",
         "0.4185186996664497",
         "0.32800133205380816",
         "0.28935779313346527",
         "0.14746486990696658",
         "0.1518899978048381",
         "-0.04558280401085087"
        ],
        [
         "concAbs",
         "0.1116273464119144",
         "0.056732851014385355",
         "0.19489015956895722",
         "0.25736329064139274",
         "0.46001716610688226",
         "1.0",
         "0.36614722740041167",
         "0.28494206899373475",
         "0.32665335249977867",
         "0.12313258965306706",
         "0.12281589296657756",
         "-0.07581258590746649"
        ],
        [
         "import",
         "0.07073664632995841",
         "0.15124968328511545",
         "0.1820810319729336",
         "0.2505078856370507",
         "0.4185186996664497",
         "0.36614722740041167",
         "1.0",
         "0.38552527938532133",
         "0.3128549383301666",
         "0.28315568896079635",
         "0.1390618309128845",
         "-0.01316130510481722"
        ],
        [
         "relGoal",
         "-0.013984386573180595",
         "0.10861213563172703",
         "0.16682720214226032",
         "0.22651610742408593",
         "0.32800133205380816",
         "0.28494206899373475",
         "0.38552527938532133",
         "1.0",
         "0.26792377271063267",
         "0.23107313793262432",
         "0.14042466169329812",
         "0.0327572108713177"
        ],
        [
         "fullDev",
         "0.0863697634401131",
         "0.06522838233985431",
         "0.20845427778203499",
         "0.19604688000892767",
         "0.28935779313346527",
         "0.32665335249977867",
         "0.3128549383301666",
         "0.26792377271063267",
         "1.0",
         "0.13801607654137515",
         "0.13315158354501705",
         "-0.07371157178654208"
        ],
        [
         "oftMind",
         "-0.012581220591042804",
         "0.09429157409592659",
         "0.0929615687452263",
         "0.08961370803018412",
         "0.14746486990696658",
         "0.12313258965306706",
         "0.28315568896079635",
         "0.23107313793262432",
         "0.13801607654137515",
         "1.0",
         "0.05696326222831424",
         "0.035322791803376614"
        ],
        [
         "emotVal",
         "0.11902279994956518",
         "0.02401235262225216",
         "0.12771537939198982",
         "0.06011692457167579",
         "0.1518899978048381",
         "0.12281589296657756",
         "0.1390618309128845",
         "0.14042466169329812",
         "0.13315158354501705",
         "0.05696326222831424",
         "1.0",
         "0.09646380952218878"
        ],
        [
         "tempOr",
         "-0.0044289797573175554",
         "0.025113214962067698",
         "-0.017319988797569533",
         "-0.0006676521375090406",
         "-0.04558280401085087",
         "-0.07581258590746649",
         "-0.01316130510481722",
         "0.0327572108713177",
         "-0.07371157178654208",
         "0.035322791803376614",
         "0.09646380952218878",
         "1.0"
        ]
       ],
       "shape": {
        "columns": 12,
        "rows": 12
       }
      },
      "text/html": [
       "<div>\n",
       "<style scoped>\n",
       "    .dataframe tbody tr th:only-of-type {\n",
       "        vertical-align: middle;\n",
       "    }\n",
       "\n",
       "    .dataframe tbody tr th {\n",
       "        vertical-align: top;\n",
       "    }\n",
       "\n",
       "    .dataframe thead th {\n",
       "        text-align: right;\n",
       "    }\n",
       "</style>\n",
       "<table border=\"1\" class=\"dataframe\">\n",
       "  <thead>\n",
       "    <tr style=\"text-align: right;\">\n",
       "      <th></th>\n",
       "      <th>visImag</th>\n",
       "      <th>inSpeech</th>\n",
       "      <th>intent</th>\n",
       "      <th>struct</th>\n",
       "      <th>real</th>\n",
       "      <th>concAbs</th>\n",
       "      <th>import</th>\n",
       "      <th>relGoal</th>\n",
       "      <th>fullDev</th>\n",
       "      <th>oftMind</th>\n",
       "      <th>emotVal</th>\n",
       "      <th>tempOr</th>\n",
       "    </tr>\n",
       "  </thead>\n",
       "  <tbody>\n",
       "    <tr>\n",
       "      <th>visImag</th>\n",
       "      <td>1.000000</td>\n",
       "      <td>-0.048418</td>\n",
       "      <td>0.044897</td>\n",
       "      <td>0.065207</td>\n",
       "      <td>0.044541</td>\n",
       "      <td>0.111627</td>\n",
       "      <td>0.070737</td>\n",
       "      <td>-0.013984</td>\n",
       "      <td>0.086370</td>\n",
       "      <td>-0.012581</td>\n",
       "      <td>0.119023</td>\n",
       "      <td>-0.004429</td>\n",
       "    </tr>\n",
       "    <tr>\n",
       "      <th>inSpeech</th>\n",
       "      <td>-0.048418</td>\n",
       "      <td>1.000000</td>\n",
       "      <td>0.017470</td>\n",
       "      <td>0.193132</td>\n",
       "      <td>0.085337</td>\n",
       "      <td>0.056733</td>\n",
       "      <td>0.151250</td>\n",
       "      <td>0.108612</td>\n",
       "      <td>0.065228</td>\n",
       "      <td>0.094292</td>\n",
       "      <td>0.024012</td>\n",
       "      <td>0.025113</td>\n",
       "    </tr>\n",
       "    <tr>\n",
       "      <th>intent</th>\n",
       "      <td>0.044897</td>\n",
       "      <td>0.017470</td>\n",
       "      <td>1.000000</td>\n",
       "      <td>0.162161</td>\n",
       "      <td>0.203669</td>\n",
       "      <td>0.194890</td>\n",
       "      <td>0.182081</td>\n",
       "      <td>0.166827</td>\n",
       "      <td>0.208454</td>\n",
       "      <td>0.092962</td>\n",
       "      <td>0.127715</td>\n",
       "      <td>-0.017320</td>\n",
       "    </tr>\n",
       "    <tr>\n",
       "      <th>struct</th>\n",
       "      <td>0.065207</td>\n",
       "      <td>0.193132</td>\n",
       "      <td>0.162161</td>\n",
       "      <td>1.000000</td>\n",
       "      <td>0.233111</td>\n",
       "      <td>0.257363</td>\n",
       "      <td>0.250508</td>\n",
       "      <td>0.226516</td>\n",
       "      <td>0.196047</td>\n",
       "      <td>0.089614</td>\n",
       "      <td>0.060117</td>\n",
       "      <td>-0.000668</td>\n",
       "    </tr>\n",
       "    <tr>\n",
       "      <th>real</th>\n",
       "      <td>0.044541</td>\n",
       "      <td>0.085337</td>\n",
       "      <td>0.203669</td>\n",
       "      <td>0.233111</td>\n",
       "      <td>1.000000</td>\n",
       "      <td>0.460017</td>\n",
       "      <td>0.418519</td>\n",
       "      <td>0.328001</td>\n",
       "      <td>0.289358</td>\n",
       "      <td>0.147465</td>\n",
       "      <td>0.151890</td>\n",
       "      <td>-0.045583</td>\n",
       "    </tr>\n",
       "    <tr>\n",
       "      <th>concAbs</th>\n",
       "      <td>0.111627</td>\n",
       "      <td>0.056733</td>\n",
       "      <td>0.194890</td>\n",
       "      <td>0.257363</td>\n",
       "      <td>0.460017</td>\n",
       "      <td>1.000000</td>\n",
       "      <td>0.366147</td>\n",
       "      <td>0.284942</td>\n",
       "      <td>0.326653</td>\n",
       "      <td>0.123133</td>\n",
       "      <td>0.122816</td>\n",
       "      <td>-0.075813</td>\n",
       "    </tr>\n",
       "    <tr>\n",
       "      <th>import</th>\n",
       "      <td>0.070737</td>\n",
       "      <td>0.151250</td>\n",
       "      <td>0.182081</td>\n",
       "      <td>0.250508</td>\n",
       "      <td>0.418519</td>\n",
       "      <td>0.366147</td>\n",
       "      <td>1.000000</td>\n",
       "      <td>0.385525</td>\n",
       "      <td>0.312855</td>\n",
       "      <td>0.283156</td>\n",
       "      <td>0.139062</td>\n",
       "      <td>-0.013161</td>\n",
       "    </tr>\n",
       "    <tr>\n",
       "      <th>relGoal</th>\n",
       "      <td>-0.013984</td>\n",
       "      <td>0.108612</td>\n",
       "      <td>0.166827</td>\n",
       "      <td>0.226516</td>\n",
       "      <td>0.328001</td>\n",
       "      <td>0.284942</td>\n",
       "      <td>0.385525</td>\n",
       "      <td>1.000000</td>\n",
       "      <td>0.267924</td>\n",
       "      <td>0.231073</td>\n",
       "      <td>0.140425</td>\n",
       "      <td>0.032757</td>\n",
       "    </tr>\n",
       "    <tr>\n",
       "      <th>fullDev</th>\n",
       "      <td>0.086370</td>\n",
       "      <td>0.065228</td>\n",
       "      <td>0.208454</td>\n",
       "      <td>0.196047</td>\n",
       "      <td>0.289358</td>\n",
       "      <td>0.326653</td>\n",
       "      <td>0.312855</td>\n",
       "      <td>0.267924</td>\n",
       "      <td>1.000000</td>\n",
       "      <td>0.138016</td>\n",
       "      <td>0.133152</td>\n",
       "      <td>-0.073712</td>\n",
       "    </tr>\n",
       "    <tr>\n",
       "      <th>oftMind</th>\n",
       "      <td>-0.012581</td>\n",
       "      <td>0.094292</td>\n",
       "      <td>0.092962</td>\n",
       "      <td>0.089614</td>\n",
       "      <td>0.147465</td>\n",
       "      <td>0.123133</td>\n",
       "      <td>0.283156</td>\n",
       "      <td>0.231073</td>\n",
       "      <td>0.138016</td>\n",
       "      <td>1.000000</td>\n",
       "      <td>0.056963</td>\n",
       "      <td>0.035323</td>\n",
       "    </tr>\n",
       "    <tr>\n",
       "      <th>emotVal</th>\n",
       "      <td>0.119023</td>\n",
       "      <td>0.024012</td>\n",
       "      <td>0.127715</td>\n",
       "      <td>0.060117</td>\n",
       "      <td>0.151890</td>\n",
       "      <td>0.122816</td>\n",
       "      <td>0.139062</td>\n",
       "      <td>0.140425</td>\n",
       "      <td>0.133152</td>\n",
       "      <td>0.056963</td>\n",
       "      <td>1.000000</td>\n",
       "      <td>0.096464</td>\n",
       "    </tr>\n",
       "    <tr>\n",
       "      <th>tempOr</th>\n",
       "      <td>-0.004429</td>\n",
       "      <td>0.025113</td>\n",
       "      <td>-0.017320</td>\n",
       "      <td>-0.000668</td>\n",
       "      <td>-0.045583</td>\n",
       "      <td>-0.075813</td>\n",
       "      <td>-0.013161</td>\n",
       "      <td>0.032757</td>\n",
       "      <td>-0.073712</td>\n",
       "      <td>0.035323</td>\n",
       "      <td>0.096464</td>\n",
       "      <td>1.000000</td>\n",
       "    </tr>\n",
       "  </tbody>\n",
       "</table>\n",
       "</div>"
      ],
      "text/plain": [
       "           visImag  inSpeech    intent    struct      real   concAbs  \\\n",
       "visImag   1.000000 -0.048418  0.044897  0.065207  0.044541  0.111627   \n",
       "inSpeech -0.048418  1.000000  0.017470  0.193132  0.085337  0.056733   \n",
       "intent    0.044897  0.017470  1.000000  0.162161  0.203669  0.194890   \n",
       "struct    0.065207  0.193132  0.162161  1.000000  0.233111  0.257363   \n",
       "real      0.044541  0.085337  0.203669  0.233111  1.000000  0.460017   \n",
       "concAbs   0.111627  0.056733  0.194890  0.257363  0.460017  1.000000   \n",
       "import    0.070737  0.151250  0.182081  0.250508  0.418519  0.366147   \n",
       "relGoal  -0.013984  0.108612  0.166827  0.226516  0.328001  0.284942   \n",
       "fullDev   0.086370  0.065228  0.208454  0.196047  0.289358  0.326653   \n",
       "oftMind  -0.012581  0.094292  0.092962  0.089614  0.147465  0.123133   \n",
       "emotVal   0.119023  0.024012  0.127715  0.060117  0.151890  0.122816   \n",
       "tempOr   -0.004429  0.025113 -0.017320 -0.000668 -0.045583 -0.075813   \n",
